image: map.pgm
resolution: 0.100000
origin: [-36.735786, -14.045280, 0.000000]
negate: 0
occupied_thresh: 0.65
free_thresh: 0.196

