image: 3floor.pgm
resolution: 0.100000
origin: [-22.431202, -42.238834, 0.000000]
negate: 0
occupied_thresh: 0.65
free_thresh: 0.196

