image: 3floor.pgm
resolution: 0.100000
origin: [-6.599178, -12.052278, 0.000000]
negate: 0
occupied_thresh: 0.65
free_thresh: 0.196

